---
build/images/auslandebehorde-84ef782b.png: 2015-07-10 20:00:51.000000000 +02:00
build/images/de-1781147d.png: 2015-07-10 20:00:19.000000000 +02:00
build/images/picktwo-36d9b3ea.png: 2015-07-10 20:00:24.000000000 +02:00
build/images/ring-8a1f259c.png: 2015-07-10 20:00:54.000000000 +02:00
build/images/unemployment-67f97877.jpg: 2015-07-10 20:00:19.000000000 +02:00
