---
build/images/auslandebehorde-84ef782b.png: 2015-07-10 17:15:54.000000000 +02:00
build/images/de-1781147d.png: 2015-07-10 17:15:29.000000000 +02:00
build/images/picktwo-36d9b3ea.png: 2015-07-10 17:15:31.000000000 +02:00
build/images/unemployment-67f97877.jpg: 2015-07-10 17:15:29.000000000 +02:00
