---
build/images/auslandebehorde-84ef782b.png: 2015-07-10 19:46:57.000000000 +02:00
build/images/de-1781147d.png: 2015-07-10 19:46:25.000000000 +02:00
build/images/picktwo-36d9b3ea.png: 2015-07-10 19:46:28.000000000 +02:00
build/images/ring-8a1f259c.png: 2015-07-10 19:46:59.000000000 +02:00
build/images/unemployment-67f97877.jpg: 2015-07-10 19:46:26.000000000 +02:00
