---
build/images/auslandebehorde-84ef782b.png: 2015-07-10 15:38:26.000000000 +02:00
build/images/de-1781147d.png: 2015-07-10 15:38:00.000000000 +02:00
build/images/unemployment-67f97877.jpg: 2015-07-10 15:38:00.000000000 +02:00
