---
build/images/auslandebehorde-84ef782b.png: 2016-04-04 18:09:39.000000000 +02:00
build/images/boxed_risa-de8f8873.jpg: 2016-04-04 18:09:09.000000000 +02:00
build/images/chia-ad972471.jpg: 2016-04-04 18:09:09.000000000 +02:00
build/images/chia_finished-cc0fdfe8.jpg: 2016-04-04 18:09:09.000000000 +02:00
build/images/chia_ing-4316650d.jpg: 2016-04-04 18:09:09.000000000 +02:00
build/images/chiashake-9efbb1aa.gif: 2015-07-15 13:34:29.000000000 +02:00
build/images/chicken-110e701d.jpg: 2016-04-04 18:09:09.000000000 +02:00
build/images/de-1781147d.png: 2016-04-04 18:09:09.000000000 +02:00
build/images/oil-7a344239.jpg: 2016-04-04 18:09:10.000000000 +02:00
build/images/picktwo-36d9b3ea.png: 2016-04-04 18:09:12.000000000 +02:00
build/images/ring-8a1f259c.png: 2016-04-04 18:09:43.000000000 +02:00
build/images/risa-5b157351.jpg: 2016-04-04 18:09:10.000000000 +02:00
build/images/unemployment-67f97877.jpg: 2016-04-04 18:09:10.000000000 +02:00
